34 177 76 000
237 28 36 001
185 122 87 010
195 195 195 011
255 174 201 1
34 177 76 000
237 28 36 001
185 122 87 010
195 195 195 011
255 174 201 1
34 177 76 000
237 28 36 001
185 122 87 010
195 195 195 011
255 174 201 1
34 177 76 000
237 28 36 001
185 122 87 010
195 195 195 011
255 174 201 1
34 177 76 000
237 28 36 001
185 122 87 010
195 195 195 011
255 174 201 1
34 177 76 000
237 28 36 001
185 122 87 010
195 195 195 011
255 174 201 1
34 177 76 000
237 28 36 001
185 122 87 010
195 195 195 011
255 174 201 1
34 177 76 000
237 28 36 001
185 122 87 010
195 195 195 011
255 174 201 1
34 177 76 000
237 28 36 001
185 122 87 010
195 195 195 011
255 174 201 1
